-4.43711703679316 0.369058582709347
-3.83714872384302 -0.10097737044864
-2.73093632351898 -0.9770827040461
-4.21953072345793 -0.710093920243319
-3.71767224029969 -0.645234455399382
-3.05336040906021 -0.283891576615052
-2.90018434109034 -0.798040627525675
-4.15944964703586 0.334882783654052
-4.06459822676103 0.680797512051181
-3.48899783957515 -0.522455120414704
-2.66478034205059 0.124800208768251
-2.44116382720953 0.375662384996365
-2.4363819364885 0.231953868340258
-2.82778961705662 -0.433531660536185
-2.8244418413395 0.092646100871564
-1.73135934644176 -0.045788806439088
-2.3811098838192 0.240640770190603
-4.2770322477071 -0.357658529275387
-2.45002969109204 0.67136230433721
-2.69478672326445 -0.50407424533958
-2.64185787994958 0.310406677665238
-2.63100325122626 -0.286752554755084
-2.77900061691709 -0.624626913431299
-2.43292181252226 1.97013745229345
-2.34951723969024 -0.0248819911973716
-3.29674247957215 0.152367443809529
-1.82612298143105 0.623575150007367
-1.89987626615565 -0.255908479907844
-2.24103431812294 0.154957959242272
-1.27090101153058 -0.00172156969351489
-1.43568425058107 -0.0372120409013118
-2.1388085238825 0.120128828112048
-0.542091032054553 -0.182027820341385
-0.984314104881092 1.34366477322286
-0.982889337282657 -0.703819961275441
-0.724766659550725 -0.588180788649204
-1.46711509958448 0.246019945899781
-0.96801854740531 0.463877117905011
-0.783037713355656 0.265485016658229
-1.53840098135996 -0.46050805827094
-1.78508740819033 -0.539440195620401
-0.731869504440589 0.6064386369941
-1.30001719218483 -0.284551699900621
0.243004823479821 -0.303767024249601
0.16603357392829 0.0263581681121051
-0.370672748698619 -0.10857116038695
-0.130980845992827 0.569840467956607
0.133703007288798 -0.210111185614884
0.578405785830903 0.496052268531933
0.80382912584034 -0.12905903511657
1.20949925653724 -0.0605142209486883
1.06854920767417 -0.140629444821363
1.32377558387758 0.218307120054776
2.84405320742478 -0.592879556063649
1.77155150757352 -0.231189337337747
3.12374454520193 1.2288037745273
1.52447319347414 0.707187467602641
2.75370117566213 -0.0273900901990932
2.48592773194902 0.142851814312333
2.92963523020806 -0.155144278806571
3.42290933816035 2.192717193682
3.05537715606955 1.5709125464653
3.72046697448835 1.15756676650001
3.32372169313092 1.51422048017802
3.31522174525912 1.34626050326998
3.93736960962604 1.07172974230694
4.43623158955595 1.23077488146965
5.05711388460612 1.4589683730178
5.33495514703205 2.99488242242206
5.5817443635882 2.56917255549199
4.4785453466944 2.78482393188903
4.07924755218103 2.94034308572156
6.11632500098332 3.65332416171959
5.63832543301814 2.87282700974534
4.93234667205889 2.46520002247304
6.50691466009855 3.77091125434387
6.65095618332199 3.1955395980735
5.79934137652954 3.04673112247198
7.14944825462278 3.02032296815267
6.59725976972989 3.17492060950127
7.50230254318383 3.32169879464275
7.60424321413948 4.04245366875918
7.42924111346209 4.07055518710523
8.25689281365647 4.11268214121378
7.65651088568838 3.71379100695328
8.69749372109147 4.15965841594831
8.6554403902363 3.413820419549
8.31943983244639 3.34194865632239
8.36722947759897 4.50573218507376
9.72501724624734 3.67046145531364
-0.190325535345903 1.06329394835887
-0.188290457447165 -0.0875647846248988
-0.468689290111871 0.00160371631993284
-0.614956141919473 -0.448255816260338
0.653534093465533 -0.293328685230491
-0.106994084656683 -0.679037660108402
1.47582254672691 -0.456710425235455
1.31985974857626 0.030523038873939
0.538438908846578 -0.0719884405545445
0.191984523269817 -0.616491276302604
1.0435026808719 -0.502110802796565
1.52310343268315 -0.681646026028217
0.816364449394343 0.483432148927366
1.73999485131018 -1.01674756282507
1.22046750683431 -0.465955753805798
1.32794781627402 0.608079925441068
2.02206684914196 -0.744558601781884
1.17681487249877 -1.3493133412241
2.6823615157962 -0.88421046053217
3.01590386232236 -0.549273505860743
2.24926790522437 -1.15978741087599
3.2376853218508 -1.46310755923372
2.55554953886022 -1.51898452269029
3.29284396873962 -1.19994107026121
3.84666748340054 -0.399850017510704
4.26408309458423 -1.59450683439463
4.3407044316421 -1.19889751452169
3.82571582606921 -1.57411123206415
4.40845083419419 -2.42202792633049
4.16681976600632 -3.12661654096681
5.02847827340186 -2.59851139565313
4.78192222401501 -2.94046915511289
5.53658733064223 -2.70768000051393
5.52347272992208 -2.20560696824529
7.43997184067036 -1.59668595080656
5.67878221594955 -2.69910787397568
6.47287689535059 -3.49469655781074
5.85274576625786 -4.19360222620643
6.16774513725868 -3.79188151793331
6.82061235929685 -3.52891005889741
7.88039501648619 -3.41412836915113
7.33782644801089 -2.9924871261061
7.7427314376731 -3.50021072508707
6.85432228668373 -4.54082309893944
6.42149079566498 -3.47763844259124
8.98155819924404 -4.08382640676834
7.40260138735524 -3.73802125695612
8.21684310322924 -3.71143749708609
9.78692601411866 -4.06571079599007
8.09747576047847 -4.1749214372095
